Dist  SAwTopo                SAwoTopo               SAfromTopo          Perim
0101  16162894392.1008300781 16117276880.9203128815 45617511.1805171967 1628006.4911362852 
0102  26674080017.5423660278 26573449569.4074974060 100630448.1348686218 1425563.5725081428 
0103  20247065486.8765335083 20011503122.0327949524 235562364.8437385559 1268231.4644721798 
0104  23943822147.1879463196 23597198567.1399192810 346623580.0480270386 1501399.7672896718 
0105  10111270094.4245891571 9986906098.0536861420 124363996.3709030151 769859.0520906018 
0106  11154446633.7328929901 10980454870.7390136719 173991762.9938793182 1168768.4187221569 
0107  26784130037.4019317627 26633713652.1194953918 150416385.2824363708 1864864.8957385514 
0401  147993508275.2797546387 142903020676.3816223145 5090487598.8981323242 3483652.7414857224 
0402  21073584857.2828178406 20440348483.1410980225 633236374.1417198181 826438.0972591580 
0403  41425226728.5647125244 40640708647.5372772217 784518081.0274353027 1716311.6063151071 
0404  90104626695.4901580811 86494699231.3933868408 3609927464.0967712402 3614637.5476315543 
0405  763640192.0525141954 762993453.2833963633 646738.7691178322 156427.4221797752 
0406  1651960985.9883165359 1629810185.3653266430 22150800.6229898930 294588.3067092641 
0407  537846594.3064996004 532319209.2457036972 5527385.0607959032 146691.9191487792 
0408  1409933405.8621923923 1403247529.5581161976 6685876.3040761948 341684.7519760086 
0409  432200186.8670612574 429733548.8716112375 2466637.9954500198 214271.1780093217 
0501  51547208025.4374542236 51273407917.4387741089 273800107.9986801147 2564187.6958686719 
0502  13326297398.3030891418 13196550529.5637226105 129746868.7393665314 884675.4578530197 
0503  14645829256.1364517212 14356531174.8423690796 289298081.2940826416 1217057.5480625031 
0504  59463936462.0676422119 58907316144.3657226562 556620317.7019195557 1713879.3019976909 
0601  78590299597.0989685059 74703472029.1676025391 3886827567.9313659668 2209430.6768519394 
0602  37468228001.6361770630 33869063150.0189018250 3599164851.6172752380 2081908.2263633772 
0603  17059512967.8210258484 16469637483.1590423584 589875484.6619834900 1415173.3368583845 
0604  36825056376.3333435059 34108138531.2402191162 2716917845.0931243896 1504472.5215441640 
0605  4908787180.2162227631 4667736344.8433074951 241050835.3729152679 744296.1441671221 
0606  464447009.1766086817 464024689.4964714646 422319.6801372170 206668.6852503094 
0607  1439359356.1905250549 1435856170.0183367729 3503186.1721882820 239168.8991609631 
0608  89636198902.5077209473 85586782899.5879974365 4049416002.9197235107 2486525.3840123899 
0609  3382296822.8229746819 3379229440.8617401123 3067381.9612345695 424454.9510240244 
0610  4907590474.6651411057 4767654266.4482393265 139936208.2169017792 532902.7612200967 
0611  1377509921.2344355583 1312429196.6501951218 65080724.5842404366 328382.3244067352 
0612  106933576.0875673592 105517168.5304427445 1416407.5571246147 81863.1126196975 
0613  271197785.8955900073 265890387.6622902155 5307398.2332997918 155640.1684102273 
0614  736467476.0665990114 697149455.0388042927 39318021.0277947187 249087.4979975254 
0615  1658851664.1292550564 1565194006.9310305119 93657657.1982245445 306439.9323902476 
0616  7540250218.3881120682 7472783180.0213003159 67467038.3668117523 748094.1238535380 
0617  500253201.1663488746 493101227.1602273583 7151974.0061215162 196994.8581910340 
0618  1958270578.9518568516 1811123213.5303354263 147147365.4215214252 389110.0927177189 
0619  2590731386.5293865204 2387241734.0768547058 203489652.4525318146 450420.2271072412 
0620  13758479053.6807689667 12723970031.0957870483 1034509022.5849819183 879819.0312024064 
0621  17692610535.6419296265 17465302647.1659049988 227307888.4760246277 1316692.9930214207 
0622  3045936474.9829268456 3027551683.1634535789 18384791.8194732666 575582.5383502814 
0623  27455084404.7902069092 25735773502.8499450684 1719310901.9402618408 1553738.1304327559 
0624  19471466934.5287551880 17942250020.4532356262 1529216914.0755195618 1356436.2922482593 
0625  4637927466.6703987122 4409707487.6794719696 228219978.9909267426 591005.8914698961 
0626  2672226377.7640557289 2462458481.3900651932 209767896.3739905357 458971.0120583405 
0627  2129512437.4695134163 1820757305.8451764584 308755131.6243369579 378228.2477523856 
0628  638959506.1154026985 568393448.8097082376 70566057.3056944609 239714.9191345755 
0629  250173183.9640857577 240051407.2968238890 10121776.6672618687 142466.9160281981 
0630  366536974.5942486525 356659339.6503740549 9877634.9438745975 181166.0295576938 
0631  578391697.3732713461 571702784.2474312782 6688913.1258400679 338894.0057602919 
0632  335721358.6642714739 327400152.8647091389 8321205.7995623350 214974.6940064283 
0633  815836983.6968573332 751742011.7002789974 64094971.9965783358 338374.6056719817 
0634  126293134.4135659933 124218941.9057921469 2074192.5077738464 90966.8910828922 
0635  438986147.6650457382 437579013.9884710908 1407133.6765746474 191697.8024897638 
0636  16244984730.0851573944 15512847037.8474636078 732137692.2376937866 869637.0264370190 
0637  143872371.3862360716 143372342.6389341354 500028.7473019361 89111.6906662591 
0638  269140707.7119852304 266657325.2203013301 2483382.4916839004 159872.7164859073 
0639  553739755.8190327883 532475016.1687576175 21264739.6502751708 216084.1862757031 
0640  151430071.6806346476 151369570.8391173482 60500.8415172994 114052.1675172834 
0641  841541375.0717530251 824431338.5546730757 17110036.5170799494 280443.6886973761 
0642  2579132206.1039476395 2468916876.6286058426 110215329.4753417969 637292.1510228773 
0643  187177226.8336864412 186984156.1795133054 193070.6541731358 106137.0288670709 
0644  221626881.0994903445 221319038.0985984206 307843.0008919239 133141.2915820575 
0645  928176225.0289835930 861635831.2070640326 66540393.8219195604 230488.5845927632 
0646  187997000.7787957191 187811495.0830242634 185505.6957714558 109537.1995310494 
0647  620451598.2195137739 587243233.1052829027 33208365.1142308712 366442.4996985628 
0648  394362404.5350865126 385879843.1712427735 8482561.3638437390 204567.9354079333 
0649  1511661408.7795338631 1444000745.8352658749 67660662.9442679882 426359.3500629555 
0650  7710360077.4917097092 7264116056.8167343140 446244020.6749753952 756494.0992413723 
0651  13443877410.1369094849 13226454453.2154140472 217422956.9214954376 947580.2479301208 
0652  761667191.7008404732 741372244.4882361889 20294947.2126042843 363133.0158575604 
0653  364679033.8429644108 357880307.6866944432 6798726.1562699676 199190.3615562324 
0801  500412897.8247969151 499360108.7150928974 1052789.1097040176 278122.5976108377 
0802  21003654702.2082214355 19752725388.2820892334 1250929313.9261322021 1217812.7812415361 
0803  136060677102.9177703857 129189599515.2454986572 6871077587.6722717285 2467947.1957423198 
0804  99553073913.6479187012 99119219470.2156982422 433854443.4322204590 2014814.2604115489 
0805  19730158702.1862678528 18881426246.2201347351 848732455.9661331177 885721.6031186483 
0806  1251525403.6875557899 1249393701.9675297737 2131701.7200260162 399927.4567027065 
0807  921233939.7498623133 911218287.5098110437 10015652.2400512695 311183.7875302531 
0901  1817776232.2430796623 1800139072.5195572376 17637159.7235224247 432434.3897624463 
0902  5350836397.0334596634 5311126660.4654102325 39709736.5680494308 511092.0558895629 
0903  1273835657.7590329647 1260925478.7813253403 12910178.9777076244 344903.5122127698 
0904  1251843841.8811812401 1239776109.6281666756 12067732.2530145645 336153.6269335216 
0905  3376536701.7831735611 3321409049.8048353195 55127651.9783382416 521213.9961049370 
1000  5243463197.4251213074 5238340021.0482854843 5123176.3768358231 552004.4701745327 
1198  178000549.0733791888 176852897.7722165585 1147651.3011626303 85397.9920653340 
1201  11478808840.7415008545 11461445133.7002944946 17363707.0412063599 716730.7675141165 
1202  23264004928.3398780823 23241379289.5920867920 22625638.7477912903 1421880.6145683699 
1203  19349728081.1576156616 19338804156.8798751831 10923924.2777404785 1025480.7983535933 
1204  5124511204.9045982361 5123315979.9283008575 1195224.9762973785 796458.9146371535 
1205  3979404293.5220723152 3977059300.0256333351 2344993.4964389801 1361218.9030802371 
1206  7307345337.8463430405 7305159879.3804683685 2185458.4658746719 772882.5649771105 
1207  1497833696.3562040329 1497179805.9200983047 653890.4361057281 346908.5935010131 
1208  5369444027.1775150299 5368474205.3086423874 969821.8688726425 517962.4015512398 
1209  4943080608.3705482483 4942420404.8172330856 660203.5533151627 509683.8844882364 
1210  3626242750.2313723564 3623812575.9553165436 2430174.2760558128 549369.1563368525 
1211  7021270825.2056999207 7014558641.4636974335 6712183.7420024872 676846.7666989546 
1212  2395334571.0391592979 2393888843.0563135147 1445727.9828457832 346460.5493138020 
1213  593171362.4732040167 593055494.9180163145 115867.5551877022 241854.5889154034 
1214  765547310.8981808424 765013164.3835806847 534146.5146001577 367753.2803538282 
1215  2267375152.3684196472 2265560746.0735316277 1814406.2948880196 381360.0072510169 
1216  2530745681.2379770279 2529746917.9928598404 998763.2451171875 350584.0352460512 
1217  18082529485.1558952332 18076269943.2117347717 6259541.9441604614 1009231.9878932035 
1218  4387770679.9275779724 4387164459.2561845779 606220.6713933945 432693.8622454370 
1219  2286182591.4162421227 2285204831.3782305717 977760.0380115509 597629.4719515147 
1220  6985365920.5766668320 6984115562.5392112732 1250358.0374555588 737086.3382623621 
1221  684858321.5860164165 684588069.1452134848 270252.4408029318 211816.3803103411 
1222  479762389.7065724730 479454878.4209512472 307511.2856212258 322308.5772165920 
1223  481795430.2625336647 481485558.4820047021 309871.7805289626 210835.3923171627 
1224  311715818.3191633821 311631002.2942022681 84816.0249611139 137768.3424917264 
1225  8659437810.4208183289 8658572764.0086612701 865046.4121570587 675752.8574807643 
1226  6570619604.5095663071 6570217006.3488521576 402598.1607141495 1506267.6467325855 
1227  600993406.5512171984 600926221.4430938959 67185.1081233025 332443.3978329962 
1301  21814141294.2179794312 21808359126.8489990234 5782167.3689804077 1396873.5638943810 
1302  25445762307.4532623291 25379412336.6311149597 66349970.8221473694 1202504.1580697936 
1303  10206690621.4152584076 10150162590.6660709381 56528030.7491874695 807897.3940656064 
1304  1317897423.6127765179 1310414372.4500222206 7483051.1627542973 310550.6927760832 
1305  695076773.3645440340 690394456.4310781956 4682316.9334658384 187391.2861831717 
1306  795267890.1194103956 788164634.4144445658 7103255.7049658298 233292.2249206856 
1307  1050190531.8788107634 1042580556.5039114952 7609975.3748992682 279879.1028188108 
1308  22969233463.5730781555 22929553422.8120117188 39680040.7610664368 1597836.5021340763 
1309  14356734081.6499862671 13908778913.4545402527 447955168.1954460144 915767.3941575328 
1310  18916514778.3498497009 18843851156.2022056580 72663622.1476440430 1155254.3994610778 
1311  2879701992.7210626602 2843131624.3003115654 36570368.4207510948 410946.2245219025 
1312  21602275225.9882049561 21577096180.7396659851 25179045.2485389709 1489733.9125135196 
1313  1887684127.6767714024 1875838912.0380918980 11845215.6386795044 450733.2860297312 
1314  9612358386.5203647614 9435522384.1138801575 176836002.4064846039 717270.9912104551 
1501  0.0000000000 0.0000000000 0.0000000000 0.0000000000 
1601  111579737269.1365661621 103393271955.3392639160 8186465313.7973022461 3231897.0906376871 
1602  118895699149.2040557861 113029543823.9930877686 5866155325.2109680176 2535185.5479198433 
1701  671617003.9758138657 671221392.8392137289 395611.1366001368 287856.7625580161 
1702  2824168352.9184103012 2822835131.5784368515 1333221.3399734497 347341.5762421695 
1703  627941354.8903126717 626920994.6608291864 1020360.2294834852 242633.7120709125 
1704  136789113.6819730401 136749205.1675912440 39908.5143817961 198461.0446479095 
1705  249736914.2602001131 249602846.6200246215 134067.6401754916 207658.4973127521 
1706  1009559168.9316058159 1007979692.5736061335 1579476.3579996824 379042.5887902640 
1707  162471071.6274687648 162402836.8267875016 68234.8006812632 179005.9727010542 
1708  543693151.9541163445 543111058.4574754238 582093.4966409206 260627.4434626418 
1709  274539213.5627413392 274424342.7489683032 114870.8137730360 182225.8186958655 
1710  808849671.3897569180 807740485.9093712568 1109185.4803856611 261067.2027781439 
1711  742864946.7418240309 742138482.1097528934 726464.6320711374 314196.8687841954 
1712  13499810064.0030879974 13433970802.8137035370 65839261.1893844604 974498.1736728973 
1713  15266509554.9944229126 15220147896.7285156250 46361658.2659072876 1111835.3922474883 
1714  4205994494.3419251442 4202259005.4561152458 3735488.8858098984 619802.7748853972 
1715  38489521986.0626754761 38417799008.8036804199 71722977.2589950562 1729898.4274485069 
1716  20710318065.9162826538 20686895873.8969917297 23422192.0192909241 1138816.1124966075 
1717  18368912960.1046066284 18294254934.9759101868 74658025.1286964417 1233978.3537599659 
1718  27706811214.3550834656 27618444448.8302497864 88366765.5248336792 1375464.1222991589 
1801  3022522062.9959778786 3019636803.3258023262 2885259.6701755524 350347.8986298730 
1802  10398186425.6931076050 10387006077.9335117340 11180347.7595958710 583919.1871116096 
1803  10973814197.1855201721 10961329253.5046062469 12484943.6809139252 575516.3854841962 
1804  16544253017.7596817017 16520047217.1168518066 24205800.6428298950 780405.1000333888 
1805  5031870601.7600307465 5028348633.5891275406 3521968.1709032059 474482.2646963744 
1806  16260386623.8216114044 16180761582.8546352386 79625040.9669761658 758481.4149881669 
1807  792439140.1834709644 791530018.6236200333 909121.5598509312 157740.4435695690 
1808  19173802073.5027732849 19071791028.6751747131 102011044.8275985718 1276947.3597361129 
1809  11917301213.3228569031 11764437392.4409179688 152863820.8819389343 746657.2681535445 
1901  31621179778.0970153809 31432817456.9981269836 188362321.0988883972 1253800.1625541740 
1902  32331116141.5164031982 32187581278.2605171204 143534863.2558860779 1194646.6778711542 
1903  23024988614.9314918518 22920174299.6852378845 104814315.2462539673 819604.1078094682 
1904  59346889435.7345886230 59205488521.7126541138 141400914.0219345093 1383739.9220181745 
2001  136935060086.4542083740 136671861679.9074401855 263198406.5467681885 2076544.2482655838 
2002  37251441469.6393966675 37157015707.7435379028 94425761.8958587646 1221729.8642211203 
2003  2001453951.6355342865 1993433588.4840726852 8020363.1514616013 249930.0348563957 
2004  37321690918.9371032715 37257636125.8638534546 64054793.0732498169 1097198.5112740747 
2101  32891727872.4273109436 32516366641.9930419922 375361230.4342689514 2164291.4542070660 
2102  19242934540.3451881409 18990969811.5767936707 251964728.7683944702 1790667.0775477197 
2103  874971263.2636611462 870078609.6600422859 4892653.6036188602 211081.9106839528 
2104  11933878131.8024368286 11626414919.5788726807 307463212.2235641479 1322095.8600551803 
2105  31796717550.5061111450 29409076018.4687538147 2387641532.0373573303 1526934.0801935997 
2106  11545070525.7257404327 11243646899.7807693481 301423625.9449710846 1130618.3325139140 
2201  14798002794.9710731506 14794712246.4423274994 3290548.5287456512 2978096.3950595683 
2202  3805588836.1155071259 3804272260.4872946739 1316575.6282124519 1109157.2749608406 
2203  20233457843.4994659424 20227826023.4865074158 5631820.0129585266 1429263.3709855108 
2204  33378377665.6387290955 33314233797.3172760010 64143868.3214530945 1796469.8744320259 
2205  38615774323.8941421509 38550962678.6922760010 64811645.2018661499 2569235.7525903890 
2206  11466378723.4696578979 11461064124.3282966614 5314599.1413612366 1708227.6989632426 
2301  9411701074.0195026398 9358393250.7612552643 53307823.2582473755 1904166.3808772259 
2302  76182724005.9357910156 75545127016.0178833008 637596989.9179077148 3707474.3697659038 
2401  11231070093.8258399963 11203038654.2098903656 28031439.6159496307 2229347.7463504374 
2402  980028617.4468069077 976976716.3423633575 3051901.1044435501 790080.5245303221 
2403  831947933.7960275412 827644897.6678470373 4303036.1281805038 766197.0254274716 
2404  825452707.6735565662 819869383.5877300501 5583324.0858265162 415971.2114940338 
2405  4160976164.8327107430 4134445013.6340255737 26531151.1986851692 675638.8693038701 
2406  5271206651.9801311493 5153422636.7874507904 117784015.1926803589 1117156.5993959953 
2407  1292625737.6282045841 1280359814.1965606213 12265923.4316439629 516711.7971173467 
2408  2275123270.7049560547 2250721595.8912820816 24401674.8136739731 716790.4906171784 
2501  6340296916.9532098770 6219240208.1976842880 121056708.7555255890 598200.9236365019 
2502  4478404495.0644483566 4438077594.6370925903 40326900.4273557663 563818.4252246362 
2503  2051046897.5366058350 2039211665.9437720776 11835231.5928337574 410209.4057307614 
2504  1822142574.4325826168 1817113231.6157410145 5029342.8168416023 459222.2647500006 
2505  724927862.3831421137 721485336.7397536039 3442525.6433885098 294216.7144225157 
2506  1469122775.9618864059 1461403750.8315057755 7719025.1303806305 379946.9934767841 
2507  177876261.8784151971 177289788.9973253310 586472.8810898662 214581.1091690382 
2508  897038255.6445593834 894234678.9687460661 2803576.6758133173 447786.1821094056 
2509  3501464812.2645111084 3488993738.2677278519 12471073.9967832565 1206797.1724718707 
2601  67524934566.8946075439 67300589262.5334091187 224345304.3611984253 5396102.9410584718 
2602  8876822034.9610252380 8856096480.9345703125 20725554.0264549255 645051.3607946011 
2603  7003328372.3087444305 6986905710.6375188828 16422661.6712255478 659409.7871442027 
2604  22463800456.4470367432 22429349612.1978492737 34450844.2491874695 948197.0013283866 
2605  6232220044.1086702347 6226516624.1514768600 5703419.9571933746 806863.0680409910 
2606  9468964704.7904071808 9452933839.3852272034 16030865.4051799774 533250.6134185672 
2607  11192750586.0526180267 11175911882.4019107819 16838703.6507072449 796860.5523112779 
2608  4001135149.4988989830 3992421694.5187706947 8713454.9801282883 419260.7790586901 
2609  482278792.7632645965 481794700.1878110766 484092.5754535198 215203.1380234075 
2610  10932962536.5302143097 10923758985.9974288940 9203550.5327854156 793776.6597124537 
2611  1142957755.3569247723 1140813231.8810408115 2144523.4758839607 350274.8175083238 
2612  1096561927.9514024258 1095181130.8735861778 1380797.0778162479 291577.9742808257 
2613  484192179.9002014399 484027238.5896754265 164941.3105260134 217571.3560169335 
2614  501861300.3656464219 501254538.8073168397 606761.5583295822 298322.2580344160 
2701  31715532397.5345687866 31553908700.7108192444 161623696.8237495422 1160423.8698874651 
2702  6607895975.3663520813 6556829111.1747407913 51066864.1916112900 582459.3841385513 
2703  1514818413.7390372753 1510299333.1088800430 4519080.6301572323 293591.0932847106 
2704  950231304.9716658592 946756890.6252031326 3474414.3464627266 162668.0641751970 
2705  368776551.7107614875 368084901.9973209500 691649.7134405375 121872.4717447124 
2706  7882029373.1759042740 7870532833.3475770950 11496539.8283271790 707653.7657402889 
2707  91727124084.9411163330 91632106734.6868133545 95017350.2543029785 2522338.0785358995 
2708  78290800975.9681091309 78121557270.1762390137 169243705.7918701172 2073366.8793985981 
2801  27932421004.5935707092 27789314405.3667106628 143106599.2268600464 1093742.7250597128 
2802  41367882772.2757034302 41231437524.4705505371 136445247.8051528931 2232684.4706724156 
2803  33505978646.7020912170 33372885736.9874877930 133092909.7146034241 1789136.8218199252 
2804  21137038043.6251754761 21086849265.3457946777 50188778.2793807983 1118610.8246960207 
2901  613851875.0313042402 611286567.3134692907 2565307.7178349495 207118.4811666915 
2902  1257990676.3203909397 1244101835.8765325546 13888840.4438583851 328387.1333934829 
2903  18301181377.9107017517 18112640540.8323936462 188540837.0783081055 1144843.4390321479 
2904  38252327540.6763839722 38054813400.0743255615 197514140.6020584106 1518863.0961428471 
2905  6398397423.3586177826 6372027406.4787063599 26370016.8799114227 717919.1352503974 
2906  47867707328.3157806396 47659637304.7894592285 208070023.5263214111 1816543.0597611929 
2907  16687184729.9101753235 16495857314.1028404236 191327415.8073348999 690938.2784399746 
2908  52548621938.8455047607 51990953033.1856155396 557668905.6598892212 1545281.3950194579 
3101  23309833014.6999511719 23248209212.4014320374 61623802.2985191345 1055207.0414007334 
3102  1369732695.0480260849 1364505160.3399195671 5227534.7081065178 231049.5936390906 
3103  176550754419.3276672363 175727571905.2593078613 823182514.0683593750 2594298.7043135012 
3201  270785725.9266156554 270656624.8948163986 129101.0317992568 92406.5424337683 
3202  150140662400.6251831055 145912895845.5271911621 4227766555.0979919434 2137343.3720817445 
3203  7762447073.3067636490 7478770628.5500507355 283676444.7567129135 606716.7052194211 
3204  137332453845.4114227295 132710926663.0408172607 4621527182.3706054688 2228358.0255115079 
3301  6924980083.0255794525 6827438861.3353490829 97541221.6902303696 858289.7804514945 
3302  17604900796.6730308533 17209609549.3736152649 395291247.2994155884 1464609.9899281738 
3401  959487624.3600229025 958293979.7894104719 1193644.5706124306 273646.3312329934 
3402  5912438784.9406585693 5908409348.8241863251 4029436.1164722443 652724.4768128588 
3403  2541257369.7843194008 2539002880.4364438057 2254489.3478755951 435918.4389372795 
3404  1838632684.8539335728 1835307958.4857070446 3324726.3682265282 399563.8839765757 
3405  2689114015.7563610077 2650052233.0269813538 39061782.7293796539 494759.1734314851 
3406  590794879.1829239130 589189532.4180690050 1605346.7648549080 354959.1274739744 
3407  2580995411.7359957695 2560434988.3518242836 20560423.3841714859 491282.4340042614 
3408  168062521.6124992669 167560756.9825505614 501764.6299487054 177609.6527339474 
3409  267945032.1345139444 266422174.2977928817 1522857.8367210627 166050.6945940976 
3410  209439775.2379339039 208882559.6075478792 557215.6303860247 174385.1457982966 
3411  1393983590.1861965656 1377538214.2183005810 16445375.9678959846 338791.6922141694 
3412  1087700405.9295802116 1085420086.4048836231 2280319.5246965885 366624.2236098411 
3501  12045097262.7212009430 11931954627.1723022461 113142635.5488986969 856448.8279571075 
3502  189382605109.4437255859 186227293946.1044616699 3155311163.3392639160 2694468.0033107167 
3503  119049075766.0373992920 116766141822.9808197021 2282933943.0565795898 2177345.4599226872 
3601  2172922718.3218817711 2169399711.2061872482 3523007.1156945229 561186.8870292841 
3602  621149170.6948260069 620950656.5899078846 198514.1049181223 174805.6868731190 
3603  682987596.3577893972 679977052.8742123842 3010543.4835770130 291777.5516396869 
3604  336828084.4576654434 336613343.4060760140 214741.0515894294 124559.7010655274 
3605  163838470.1313779354 163766706.8544557393 71763.2769221961 114728.6138390429 
3606  78030669.1526255459 77893211.4568392485 137457.6957862973 67267.7219140031 
3607  44785988.9751415327 44727102.1201361269 58886.8550054058 89824.2031336696 
3608  105048093.5193677992 105014126.1749460995 33967.3444216996 100902.4352649397 
3609  40788640.5966152996 40761008.5869351029 27632.0096801966 51098.7791735547 
3610  47339620.5357073322 47298189.5993508250 41430.9363565072 109794.4726638158 
3611  173320755.4428543746 172894252.0270272195 426503.4158271551 114280.3517106535 
3612  45854520.1463069022 45821374.7657368407 33145.3805700615 52166.3011465386 
3613  33668959.1620855927 33420176.3862476721 248782.7758379206 45977.0726536029 
3614  89627527.7132657617 89520714.7054162025 106813.0078495592 112246.7221651855 
3615  43949745.6182451248 43843430.0305725932 106315.5876725316 38470.9666364445 
3616  221650067.3004086316 220165242.7979443073 1484824.5024643242 116424.6727261799 
3617  1157745183.1585206985 1139983541.9750826359 17761641.1834380627 221179.2440629032 
3618  3725250224.5851001740 3668483604.7221751213 56766619.8629250526 483581.1185547857 
3619  21466225203.4391136169 20990438460.7480735779 475786742.6910400391 1208705.4276843299 
3620  3298031729.1898951530 3271719803.3823804855 26311925.8075146675 426050.2968420981 
3621  41790984193.4611740112 41160488265.6040344238 630495927.8571395874 1506562.9025834415 
3622  13622811650.4161319733 13495904872.6472473145 126906777.7688846588 1066041.9169917987 
3623  19895963051.5399818420 19617237609.9736976624 278725441.5662841797 1064984.2922535478 
3624  6443252746.4048366547 6409217923.7989320755 34034822.6059045792 543839.9220070305 
3625  1345966407.2520112991 1342920714.0184733868 3045693.2335379124 213050.2177653397 
3626  600485948.9784389734 599927575.4319756031 558373.5464633703 173264.0171694969 
3627  10445605918.6766853333 10394091513.3318500519 51514405.3448352814 755169.5416843374 
3701  14483414457.5325031281 14461557434.4281387329 21857023.1043643951 2630880.2643460678 
3702  8571803314.0735282898 8538082439.4181394577 33720874.6553888321 1218041.8626879668 
3703  21300810421.4687919617 21293398339.0016860962 7412082.4671058655 4611507.5402880767 
3704  2775188231.0020236969 2763146414.9271440506 12041816.0748796463 1037821.3868581096 
3705  9619746106.0200614929 9315697991.3905277252 304048114.6295337677 1033100.0599707300 
3706  9767263921.9042739868 9663445196.4626998901 103818725.4415740967 1163839.7108802041 
3707  16271633754.7581138611 16260276734.3227958679 11357020.4353179932 1599858.6052478249 
3708  11910280949.7360458374 11856257676.5397567749 54023273.1962890625 983795.9013776015 
3709  2348359813.5358524323 2335948691.0376358032 12411122.4982166290 730845.0815242620 
3710  6923384159.1664705276 6769112908.9114055634 154271250.2550649643 735276.7617838020 
3711  19491559011.1643676758 17902317108.0307197571 1589241903.1336479187 1231565.8217190132 
3712  1450239769.1807575226 1443087000.9271008968 7152768.2536566257 964860.7486573553 
3713  6008781189.3354663849 5994220238.6625213623 14560950.6729450226 1358868.5252085677 
3800  183715946730.2088623047 183103031406.6272277832 612915323.5816345215 2343829.4341107863 
3901  1820737939.0822453499 1806421518.3246078491 14316420.7576375008 420547.8671477363 
3902  8579525372.9773836136 8419787936.0886726379 159737436.8887109756 779189.8615072827 
3903  603121696.5880497694 602103959.3996526003 1017737.1883971691 410314.1723839142 
3904  12207722981.9423675537 12194572043.0470294952 13150938.8953380585 1131918.3819486843 
3905  14656233012.1713829041 14647965670.3649997711 8267341.8063831329 858131.5965095984 
3906  19457313554.0167083740 18888232119.7371749878 569081434.2795333862 1469604.0385895893 
3907  10168618466.5698585510 10073163485.5043849945 95454981.0654735565 1120162.8752109432 
3908  6401475866.5777921677 6390186057.0815944672 11289809.4961977005 594056.4355730562 
3909  1274164895.4225678444 1272052156.3552701473 2112739.0672976971 783490.0234127934 
3910  2945543848.2568292618 2940128544.8648757935 5415303.3919534683 338640.9355368805 
3911  640325870.1513491869 636902155.4630718231 3423714.6882773638 383133.6930535155 
3912  6001740255.6153593063 5960475199.5166635513 41265056.0986957550 809707.8979964920 
3913  2393559036.1614637375 2386512036.3292555809 7046999.8322081566 680568.8196865066 
3914  5168294295.0257396698 5151022138.7590417862 17272156.2666978836 578588.8134885048 
3915  12571117898.0043430328 12377104045.6384029388 194013852.3659400940 1158856.4892868302 
3916  3163549266.7474508286 3152935698.2168998718 10613568.5305509567 672611.8602437293 
4001  4379807503.1018180847 4369693711.1536779404 10113791.9481401443 545321.5006382228 
4002  56727549415.4357604980 56329892117.0257110596 397657298.4100494385 1812254.6269745058 
4003  89406106329.4582824707 89176264426.1275482178 229841903.3307342529 2150875.7168529695 
4004  25793645125.8459472656 25732303454.4268302917 61341671.4191169739 1301785.3641561812 
4005  5445052571.3542156219 5431002232.5621070862 14050338.7921085358 547251.0480445850 
4101  8309729476.7976360321 7963097791.6893692017 346631685.1082668304 780863.8785602967 
4102  187970362900.7815246582 181761049402.4897766113 6209313498.2917480469 2659621.4348402391 
4103  3034329287.0625152588 2865707517.5796046257 168621769.4829106331 479239.6427034485 
4104  49583026179.6911544800 45156490954.1804733276 4426535225.5106811523 1499450.6129208351 
4105  14736741081.6613979340 13586181481.3927326202 1150559600.2686653137 1384767.5461964891 
4201  233406135.9046731293 232832518.1380768120 573617.7665963173 240444.5476683258 
4202  196913808.7619646192 195277426.7295953035 1636382.0323693156 99016.0771869405 
4203  10273078852.5330371857 10149057449.4275741577 124021403.1054630280 878668.6568843578 
4204  4013693769.3852872849 3972130199.7662224770 41563569.6190648079 439555.0972941683 
4205  28747257012.1283836365 27954125759.2536048889 793131252.8747787476 1394901.8543042955 
4206  2279396392.4772691727 2258468032.8919472694 20928359.5853219032 748342.5180773552 
4207  2275233052.6745090485 2257256958.4151086807 17976094.2594003677 1052350.6265005821 
4208  1889546624.3826475143 1879947067.6041703224 9599556.7784771919 332002.0208431711 
4209  15329449768.4843559265 14936460419.1652107239 392989349.3191452026 1424829.8181408420 
4210  22556390426.5594558716 21999053138.1423492432 557337288.4171066284 1725472.8276269881 
4211  9074794166.5995388031 8886887007.3306941986 187907159.2688446045 1153912.8567648181 
4212  5786405588.1340198517 5662066744.8238563538 124338843.3101634979 1028987.4080180496 
4213  406166388.3686035275 404410197.4847095013 1756190.8838940263 330205.6546788393 
4214  586697039.8394602537 568825009.4080020189 17872030.4314582348 300833.3533561537 
4215  3401785414.5889611244 3361667731.2506260872 40117683.3383350372 698988.2767127973 
4216  2708618042.1870455742 2689043908.1808185577 19574134.0062270164 643594.2822220476 
4217  4641396414.4602756500 4548263624.8105497360 93132789.6497259140 1060027.3551794591 
4218  5546999703.6745996475 5388615838.1037254333 158383865.5708742142 770971.9904861024 
4401  753399100.3046889305 750144525.4176473618 3254574.8870415688 480797.1882836681 
4402  2106030339.2743792534 2096990089.0358817577 9040250.2384974957 370047.0610066208 
4501  4637674821.2311811447 4636583217.1311235428 1091604.1000576019 1210836.8250299515 
4502  8069707654.5565719604 8051140882.9400968552 18566771.6164751053 944468.4055784924 
4503  14311743565.9037704468 14163164272.0942707062 148579293.8094997406 920824.6710850762 
4504  3458330975.0074462891 3410420526.5963177681 47910448.4111285210 485548.9899134398 
4505  14616831993.6806392670 14523521154.2090759277 93310839.4715633392 1134564.2795947879 
4506  21689855802.0644989014 21676507089.8229331970 13348712.2415657043 2216744.7071540272 
4507  14135913416.7521190643 14123811749.5764560699 12101667.1756629944 962594.0224668342 
4600  200778977526.5995178223 199720709566.5642089844 1058267960.0353088379 2291493.9950881978 
4701  11623249209.7906208038 10934987230.8989849091 688261978.8916358948 943422.2966714944 
4702  6541980814.9431257248 6291017904.4919233322 250962910.4512023926 1026603.0954674671 
4703  12739145187.5962409973 12208512407.3661499023 530632780.2300910950 1384275.3379748634 
4704  16010773375.4218997955 15740085288.2153091431 270688087.2065906525 1393080.9652993646 
4705  3374901362.6530289650 3305263271.0563726425 69638091.5966563225 442598.9408222674 
4706  17546021639.2918090820 17093105882.9200744629 452915756.3717346191 1123060.8806521725 
4707  24528609034.4258079529 24145233720.8989219666 383375313.5268859863 1278162.8331274288 
4708  18176593844.1436309814 18122113617.0910720825 54480227.0525588989 1075276.6353628736 
4709  1309948749.1102581024 1306715752.7811627388 3232996.3290953636 329595.7860093925 
4801  21379338044.2532653809 21332119862.4982185364 47218181.7550468445 1307056.8534493048 
4802  854781497.1839519739 854196644.1025381088 584853.0814138651 445003.1655570330 
4803  1344740062.7168726921 1343353081.4276318550 1386981.2892408371 224287.3207606177 
4804  27284659256.8171653748 27248325001.9841156006 36334254.8330497742 1592625.2448961120 
4805  13585369047.9429359436 13558781316.0129680634 26587731.9299678802 1315190.3015474826 
4806  5826959853.5896911621 5821137037.0801925659 5822816.5094985962 674464.2541449518 
4807  423186229.3765085936 422837669.7209510803 348559.6555575132 217454.4949356909 
4808  16111905794.0892276764 16092136179.1602096558 19769614.9290180206 1104378.3808240097 
4809  434661141.8527203202 434298218.7257860899 362923.1269342303 218997.2128895204 
4810  13333417504.0476970673 13317648159.3370170593 15769344.7106800079 1271290.2304402245 
4811  72835252103.1382446289 72666961101.6926574707 168291001.4455871582 2348712.8342670472 
4812  3826751434.5811209679 3817978397.1473135948 8773037.4338073730 489621.3114386062 
4813  100388482651.5848846436 100093401093.2662811279 295081558.3186035156 2412933.8019099212 
4814  6971967632.0161905289 6970800785.0355625153 1166846.9806280136 1219130.7278260449 
4815  20385748287.9495162964 20374429802.2780799866 11318485.6714363098 1682351.5918652115 
4816  1870110707.9096672535 1844323843.8927190304 25786864.0169482231 238615.0522585932 
4817  20146131820.3485984802 20120506146.2210197449 25625674.1275787354 1425402.7877182132 
4818  614259918.4526805878 613740188.9156955481 519729.5369850397 360055.8350246977 
4819  67293183723.3426361084 67192950980.4635009766 100232742.8791351318 1841382.2550748694 
4820  520199109.6217634678 519082251.9974835515 1116857.6242799163 228135.3268360587 
4821  15631740170.1665058136 15428052867.2095432281 203687302.9569625854 1190064.4987036451 
4822  2738348915.0626149178 2737198036.3492465019 1150878.7133684158 584287.3602274612 
4823  152528641324.7494506836 150822412530.2678833008 1706228794.4815673828 3484563.5545785581 
4824  705111072.5425977707 704341129.2108772993 769943.3317204714 221388.8540433060 
4825  20129113103.7413635254 20059261444.7920379639 69851658.9493255615 1592939.2631927114 
4826  2543803613.4887332916 2540896693.2208247185 2906920.2679085732 283177.0882909951 
4827  25372659764.0195808411 25361333014.3806304932 11326749.6389503479 2640325.0216577509 
4828  24601936567.4386787415 24586436267.1237525940 15500300.3149261475 1751023.2995593052 
4829  495871432.4721952081 495441630.8948814869 429801.5773137212 308504.7121822514 
4830  956915330.8785893917 955357583.6083873510 1557747.2702020407 295666.3754322357 
4831  5724876099.1337280273 5713770374.9338645935 11105724.1998634338 519241.8701267957 
4832  516851211.1430985332 516405729.6507724524 445481.4923260808 256051.6569607665 
4833  566078553.6511734724 565334150.5576945543 744403.0934789181 433808.2092700102 
4834  21988846311.0470962524 21977801470.1909446716 11044840.8561515808 2635012.4335201681 
4835  1559930360.8192539215 1558006273.0676267147 1924087.7516272068 748763.8268000323 
4836  19104491586.9521789551 19085723442.3402137756 18768144.6119651794 1409327.0792005979 
4901  56052492347.1455993652 53872857284.4361877441 2179635062.7094116211 1769549.4874827571 
4902  110964633060.2780456543 106593211618.6761016846 4371421441.6019439697 2276077.0673206747 
4903  56079018135.8548126221 52448391755.8896408081 3630626379.9651718140 2123863.3475031643 
4904  7264338159.6201381683 6976590856.5007514954 287747303.1193866730 712776.5050689005 
5000  25526111575.6217155457 24898846435.8846435547 627265139.7370719910 1117050.4510409590 
5101  10138418978.0650787354 10079592016.6504402161 58826961.4146385193 1613117.3037979649 
5102  3392893542.4042835236 3391832879.1316933632 1060663.2725901604 979367.5773248331 
5103  2604692989.4801177979 2598832961.0411090851 5860028.4390087128 817136.9881626168 
5104  11358716347.4748878479 11335181565.3406314850 23534782.1342563629 1025240.9710803598 
5105  26781755577.4490432739 26369919094.1799392700 411836483.2691040039 1793339.4082507116 
5106  16202017533.1796474457 15464726709.7027683258 737290823.4768791199 1352861.1743201474 
5107  7396269808.8973608017 7361428706.3616905212 34841102.5356702805 1046422.9974344040 
5108  406508171.7378249168 404162609.6034922004 2345562.1343327165 168453.0651105593 
5109  25336322266.0260543823 23758465684.3058815002 1577856581.7201728821 1547704.2030923741 
5110  3630692507.0458488464 3589534377.5554780960 41158129.4903707504 736546.1943711403 
5111  492088758.1501220465 488873734.3360086083 3215023.8141134381 318242.5255325590 
5301  18993701377.8789520264 16318772098.0316524506 2674929279.8472995758 1224232.5725791217 
5302  2813949685.6541795731 2757295241.9617123604 56654443.6924672127 1627489.9268633234 
5303  25646493131.4926605225 24070600338.3889274597 1575892793.1037330627 1400304.9919391680 
5304  52604451862.0077438354 50663554516.0937652588 1940897345.9139785767 2008493.8514551490 
5305  42477387142.9093475342 40669546635.1509323120 1807840507.7584152222 1360829.8324522120 
5306  20038232332.6792449951 18332269810.7106590271 1705962521.9685859680 1769102.1002060946 
5307  412928482.4033356905 407597211.4968791604 5331270.9064565301 287769.3750780598 
5308  21779868054.3911514282 19436459139.3402023315 2343408915.0509490967 1407044.8229086734 
5309  533445285.4326366186 527735194.1237054467 5710091.3089311719 254782.7597040216 
5310  2288420101.4145293236 2261640823.1627731323 26779278.2517561913 504832.0498513574 
5401  17322784227.9314575195 16425637916.8253707886 897146311.1060867310 1493726.6038479963 
5402  22197887298.0808906555 20889821673.6000595093 1308065624.4808311462 2091261.3376222046 
5403  27672072987.9177742004 25428968678.5245857239 2243104309.3931884766 1665486.2321346810 
5501  4607107438.8937206268 4599329306.7055406570 7778132.1881799698 466299.9254136062 
5502  12035522023.5940628052 11934932841.1547851562 100589182.4392776489 639961.1373057752 
5503  30081878909.2708358765 29607496634.2984428406 474382274.9723930359 1675865.5059843443 
5504  336811032.9555479288 336084507.5091179013 726525.4464300275 193620.2325617061 
5505  5072046916.0572662354 5061362063.5852594376 10684852.4720067978 553991.7960346311 
5506  13518953248.4523601532 13495248061.7307262421 23705186.7216339111 978285.3096364894 
5507  62291236372.8320388794 62141438586.3320236206 149797786.5000152588 2385577.3060977506 
5508  18214141303.9166793823 18182734357.3594169617 31406946.5572624207 1443694.8670399194 
5600  260057067219.1110534668 253336745344.2357177734 6720321874.8753356934 2259033.7896063179 
6098  0.0000000000 0.0000000000 0.0000000000 0.0000000000 
6698  0.0000000000 0.0000000000 0.0000000000 0.0000000000 
6998  0.0000000000 0.0000000000 0.0000000000 0.0000000000 
7298  2324893749.7178297043 2324893749.7178297043 0.0000000000 426666.1011224181 
7898  0.0000000000 0.0000000000 0.0000000000 0.0000000000 
